= chunk 0
16 16 16 16 16 16 11 -1 -1 -1 -1 -1 10 16 16 16 16 7
16 16 16 16 16 16 11 -1 -1 -1 -1 -1 10 16 16 16 16 11
16 16 16 16 16 16 11 -1 -1 -1 -1 -1 10 16 16 16 16 11
16 16 16 16 16 16 11 -1 -1 -1 -1 -1 10 16 16 16 16 11
16 16 16 16 16 16 11 -1 -1 -1 -1 -1 10 16 16 16 16 11
16 16 16 16 16 16 11 -1 -1 -1 -1 -1 10 16 16 16 16 11
16 16 16 16 16 16 11 -1 -1 -1 -1 -1 10 16 16 16 16 11
16 16 16 16 16 16 11 -1 -1 -1 -1 -1 10 16 16 16 16 11
16 16 16 16 16 16 11 -1 -1 -1 -1 -1 10 16 16 16 16 11
16 16 16 16 16 16 11 -1 -1 -1 -1 -1 10 16 16 16 16 11
16 16 16 16 16 16 11 -1 -1 -1 -1 -1 10 16 16 16 16 11
16 16 16 16 16 16 11 -1 -1 -1 -1 -1 10 16 16 16 16 11
16 16 16 16 16 16 11 -1 -1 -1 -1 -1 10 16 16 16 16 5
16 16 16 16 16 16 11 -1 -1 -1 -1 -1 10 16 16 16 16 16
16 16 16 16 16 16 11 -1 -1 -1 -1 -1 10 16 16 16 16 16
16 16 16 16 16 16 11 -1 -1 -1 -1 -1 10 16 16 16 16 16
16 16 16 16 16 16 11 -1 -1 -1 -1 -1 10 16 16 16 16 16
= chunk 1
 9  9  9  9  9  9  9  9  9  9  9  9  9  9  9  9  6 16
-1 -1 -1 -1 -1 -1 -1 -1 -1 -1 -1 -1 -1 -1 -1 -1 10 16
-1 -1 -1 -1 -1 -1 -1 -1 -1 -1 -1 -1 -1 -1 -1 -1 10 16
-1 -1 -1 -1 -1 -1 -1 -1 -1 -1 -1 -1 -1  0  8  1 10  7
-1  0  1 -1 -1  0  1 -1 -1  0  1 -1 -1  2  9  3 10 11
-1 10 11 -1 -1 10 11 -1 -1 10 11 -1 -1 -1 -1 -1 10 11
-1 10  5  8  8  4  5  8  8  4 11 -1 -1 -1 -1 -1 10 11
-1 10 16 16 16 16 16 16 16 16 11 -1 -1 -1 -1 -1 10 11
-1  2  9  9  9  9  9  9  9  6 11 -1  0  8  1 -1 10 11
-1 -1 -1 -1 -1 -1 -1 -1 -1 10 11 -1  2  9  3 -1  2  3
-1 -1 -1 -1 -1 -1 -1 -1 -1 10 11 -1 -1 -1 -1 -1 -1 -1
-1 -1 -1 -1 -1 -1 -1 -1 -1 10 11 -1 -1 -1 -1 -1 -1 -1
 8  1 -1 -1  0  8  8  1 -1 10 11 -1 -1 -1 -1 -1 -1 -1
16 11 -1 -1 10 16 16 11 -1 10 11 -1 -1 -1 -1 -1  0  1
16  5  8  8  4 16 16 11 -1 10 11 -1 -1 -1 -1 -1 10 11
16 16 16 16 16 16 16 11 -1 10  5  8  8  8  8  8  4  5
16 16 16 16 16 12 13  3 -1  2  9  9  9  9  9  9  6 16
= chunk 2
16 12 13  9  9  9  9  9  9  9  9  9  9  9  9  9  9  6
 7 14 15 -1 -1 -1 -1 -1 -1 -1 -1 -1 -1 -1 -1 -1 -1 10
11 -1 -1 -1 -1 -1 -1 -1 -1 -1 -1 -1 -1 -1 -1 -1 -1 10
 3 -1 -1 -1 -1 -1 -1 -1  0  1 -1 -1 -1 -1 -1 -1 -1 10
-1 -1 -1 -1 -1 -1 -1 -1 10 11 -1 -1 -1 -1 -1 -1 -1 10
-1 -1 -1 -1 -1 -1 -1 -1 10 11 -1 -1 -1  0  8  1 -1 10
-1  0  8  8  8  8  8  8  4 11 -1 -1 -1  2  9  3 -1 10
-1  2  9  9  9  9  9  9  9  3 -1 -1 -1 -1 -1 -1 -1 10
-1 -1 -1 -1 -1 -1 -1 -1 -1 -1 -1 -1 -1 -1 -1 -1 -1 10
-1 -1 -1 -1 -1 -1 -1 -1 -1 -1 -1 -1 -1 -1 -1 -1 -1 10
-1 -1 -1 -1 -1 -1 -1 -1 -1  0  8  1 -1 -1 -1 -1 -1  2
-1 -1 -1 -1 -1 -1 -1 -1 -1  2  9  3 -1 -1 -1 -1 -1 -1
-1 -1 -1 -1 -1 -1 -1 -1 -1 -1 -1 -1 -1 -1 -1 -1 -1 -1
-1 -1 -1 -1 -1 -1 -1 -1 -1 -1 -1 -1 -1 -1 -1 -1 -1 -1
-1 -1 -1 -1 -1 -1 -1 -1 -1 -1 -1 -1 -1 -1 -1 -1 -1 -1
 8  8  8  8  8  1 -1 -1 -1 -1 -1 -1 -1 -1  0  8  8  8
16 16 12 13  9  3 -1 -1 -1 -1  0  8  8  8  4 16 16 16
= chunk 3
 7  9  9  9  9  9  9  9  9  9  9  9  9  9  9  9  9 21
11 -1 -1 -1 -1 -1 -1 -1 -1 -1 -1 -1 -1 -1 -1 -1 -1 21
11 -1 -1 -1 -1 -1 -1 -1 -1 -1 -1 -1 -1 -1 -1 -1 -1 21
11 -1 -1 -1 -1 -1 -1 -1 -1 -1 -1 -1 -1 -1 -1 -1 -1 21
11 -1 -1 -1 -1 -1 -1 -1 -1 -1 -1 -1 -1 -1 -1 -1 -1 21
11 -1 -1 -1 -1 -1 -1 -1 -1 -1 -1 -1 -1 -1 -1 -1 -1 21
11 -1 -1 -1 -1 -1 -1 -1 -1 -1 -1 -1 -1 -1 -1 -1 -1 21
11 -1 -1 -1 -1 -1 -1 -1 -1 -1 -1 -1 -1 -1 -1 -1 -1 21
11 -1 -1 -1 -1 -1 -1 -1 -1 -1 -1 -1 -1 -1 -1 -1 -1 21
11 -1 -1  0  8  1 -1 -1 -1 -1 -1 -1  0  8  1 -1 -1 21
 3 -1 -1  2  9  3 -1 -1 -1 -1 -1 -1  2  9  3 -1 -1 21
-1 -1 -1 -1 -1 -1 -1 -1 -1 -1 -1 -1 -1 -1 -1 -1 -1 21
-1 -1 -1 -1 -1 -1 -1 -1 -1 -1 -1 -1 -1 -1 -1 -1 -1 21
-1 -1 -1 -1 -1 -1 -1 -1 -1 -1 -1 -1 -1 -1 -1 -1 -1 21
-1 -1 -1 -1 -1 -1 -1 -1 -1 -1 -1 -1 -1 -1 -1 -1 -1 21
17 18 19 19 19 19 19 19 19 19 19 19 19 19 19 19 19 19
16 23 23 23 23 23 23 23 23 23 23 23 23 23 23 23 23 23
= chunk 4
16 16 16 16 16 16 11 -1 -1 -1 -1 -1 10  7  9  9  9  9
16 16 16 16 16 16 11 -1 -1 -1 -1 -1 10 11 -1 -1 -1 -1
16 16 16 16 16 16 11 -1 -1 -1 -1 -1 10 11 -1 -1 -1 -1
16 16 16 16 16 16 11 -1 -1 -1 -1 -1 10 11 -1 -1 -1 -1
16 16 16 16 16 16 11 -1 -1 -1 -1 -1 10 11 -1  0  8  8
16 16 16 16 12 13  3 -1 -1 -1 -1 -1 10 11 -1  2  9  9
 7  9  9  9 14 15 -1 -1 -1 -1 -1 -1  2  3 -1 -1 -1 -1
11 -1 -1 -1 -1 -1 -1 -1 -1 -1 -1 -1 -1 -1 -1 -1 -1 -1
11 -1 -1 -1 -1 -1 -1 -1 -1 -1 -1 -1 -1 -1 -1 -1 -1 -1
 5  8  8  8  8  1 -1 -1 -1 -1 -1  0  1 -1 -1 -1 -1 -1
16 16 16 16 16  5  8  1 -1 -1 -1 10 11 -1 -1 -1 -1 -1
16 16 16 16 16 16 16  5  8  8  8  4 11 -1 -1 -1 -1 -1
16 16 16 16 16 16 16 16 16 16 16 16 11 -1 -1 -1 -1 -1
16 16 16 16 16 16 16 16 16 16 16 16 11 -1 -1 -1 -1 -1
16 16 16 16 16 16 16 16 16 16 16 16 11 -1 -1 -1 -1 -1
16 16 16 16 16 16 16 16 16 16 16 16 11 -1 -1 -1 -1 -1
16 16 16 16 16 16 16 16 16 16 16 16  5  8  8  8  8  8
= chunk 5
 6  7  9  9  9 14 15 -1 -1 -1 -1 -1 -1 -1 -1 -1 10  7
 2  3 -1 -1 -1 -1 -1 -1 -1 -1 -1 -1 -1 -1 -1 -1 10 11
-1 -1 -1 -1 -1 -1 -1 -1 -1 -1 -1 -1 -1 -1 -1 -1 10 11
-1 -1 -1 -1 -1 -1 -1 -1  0  1 -1 -1  0  8  8  8  4 11
 8  8  8  8  8  1 -1 -1 10  5  8  8  4 12 13  9  9  3
 6 16 16 12 13  3 -1 -1 10 16 16 12 13 14 15 -1 -1 -1
10 16  7 14 15 -1 -1 -1  2  9  9 14 15 -1 -1 -1 -1 -1
10 16 11 -1 -1 -1 -1 -1 -1 -1 -1 -1 -1 -1 -1 -1 -1 -1
10 16 11 -1 -1 -1 -1 -1 -1 -1 -1 -1 -1 -1 -1 -1 -1 -1
 2  9  3 -1 -1 -1 -1 -1 -1 -1 -1 -1 -1 -1 -1  0  8  1
-1 -1 -1 -1 -1 -1 -1  0  8  8  8  8  8  1 -1 10 16 11
-1 -1 -1 -1 -1  0  8  4 16 16 16 12 13  3 -1 10 16 11
-1 -1 -1  0  8  4 16 16 16 12 13 14 15 -1 -1 10 16 11
-1 -1 -1  2  9  9  9  9  9 14 15 -1 -1 -1 -1 10 16 11
-1 -1 -1 -1 -1 -1 -1 -1 -1 -1 -1 -1 -1 -1 -1 10 16 11
 0  8  8  8  8  1 -1 -1 -1 -1 -1 -1 -1 -1 -1 10 16  5
 4 16 16 16 16  5  8  8  8  8  8  8  8  8  8  4 16 16
= chunk 6
 9  9 14 15 -1 -1 -1 -1  0  8  4 12 13  9  9  9  9  9
-1 -1 -1 -1 -1 -1 -1  0  4 12 13 14 15 -1 -1 -1 -1 -1
-1 -1  0  8  8  8  1  2  9 14 15 -1 -1 -1 -1 -1 -1 -1
-1 -1  2  9  9  9  3 -1 -1 -1 -1 -1 -1 -1 -1 -1 -1 -1
-1 -1 -1 -1 -1 -1 -1 -1 -1 -1 -1 -1 -1 -1 -1 -1 -1 -1
-1 -1 -1 -1 -1 -1 -1 -1 -1 -1 -1 -1 -1 -1 -1 -1 -1 -1
-1 -1 -1 -1 -1 -1 -1 -1 -1 -1 -1 -1 -1 -1 -1 -1 -1 -1
-1 -1 -1 -1 -1 -1 -1 -1  0  8  8  8  8  1 -1 -1 -1 -1
-1 -1 -1 -1 -1 -1  0  8  4 16 16 16 16  5  8  1 -1 -1
-1 -1 -1 -1  0  8  4 16 16 16 16 16 16 16 16  5  1 -1
-1 -1 -1 -1 10 16 16 16 16 12 13  9  9  9  9  9  3 -1
-1 -1 -1 -1 10 16 16 12 13 14 15 -1 -1 -1 -1 -1 -1 -1
-1 -1 -1 -1  2  9  9 14 15 -1 -1 -1 -1 -1 -1 -1 -1 -1
-1 -1 -1 -1 -1 -1 -1 -1 -1 -1 -1 -1 -1 -1 -1 -1 -1 -1
-1 -1 -1 -1 -1 -1 -1 -1 -1 -1 -1 -1 -1 -1 -1 -1 -1 -1
 8  8  8  8  8  1 -1 -1 -1 -1 -1 -1 -1 -1 -1 -1 -1 -1
16 16 16 16 16  5  8  8  8  8  8  8  8  8  8  8  8  8 
= chunk 7
 6 16 16 16 16 16 16 16 16 16 16 16 12 13  9  9  9  6
10 16 16 16 16 16 16 16 16 16 12 13 14 15 -1 -1 -1 10
10 16 16 16 16 16 12 13  9  9 14 15 -1 -1 -1 -1 -1 10
10 16 12 13  9  9 14 15 -1 -1 -1 -1 -1 -1 -1 -1 -1 10
 2  9 14 15 -1 -1 -1 -1 -1 -1 -1 -1 -1 -1 -1 -1 -1 10
-1 -1 -1 -1 -1 -1 -1 -1 -1 -1 -1 -1 -1 -1 -1 -1 -1 10
-1 -1 -1 -1 -1 -1 -1 -1 -1 -1 -1 -1 -1 -1 -1 -1 -1 10
-1 -1 -1 -1 -1 -1 -1 -1 -1 -1 -1 -1 -1 -1 -1 -1 -1 10
-1 -1 -1 -1 -1 -1 -1 -1 -1 -1 -1 -1 -1 -1 -1 -1 -1 10
-1  0  8  8  8  1 -1 -1 -1 -1  0  8  8  8  8  8  8  4
-1  2  9  9  9  3 -1 -1  0  8  4 16 16 16 16 16 16 16
-1 -1 -1 -1 -1 -1 -1 -1 10 16 16 12 13  9  9  9  9  6
-1 -1 -1 -1 -1 -1 -1 -1 10 12 13 14 15 -1 -1 -1 -1 10
-1 -1 -1 -1 -1 -1 -1 -1  2 14 15 -1 -1 -1 -1 -1 -1 10
-1 -1 -1 -1 -1 -1 -1 -1 -1 -1 -1 -1 -1 -1 -1 -1 -1 10
-1 -1 -1 -1 -1 -1 -1 -1 -1 -1 -1 -1 -1 -1 -1 -1 -1 10
 8  8  8  8  8  8  8  8  8  8  8  8  8  8  8  8  8  4
=
 


















